9 24
9 17
9 16
9 17
9 17
9 17
9 24
9 13
9 7
9 14
9 15
9 18
9 13
9 11
9 12
9 7
9 13
9 6
12 19
12 20
12 20
12 26
12 24
12 22
12 21
12 25
12 12
12 27
12 23
12 21
12 23
12 12
15 19
15 6
15 13
15 6
15 7
15 19
15 20
15 23
15 26
15 11
15 15
15 25
15 21
15 22
21 20
21 8
21 22
21 9
21 27
21 14
21 12
21 26
24 18
24 16
24 23
24 11
24 26
24 10
24 10
24 11
24 24
24 23
24 26
24 15
24 26
24 23
24 12
24 25
24 18
24 22
27 15
27 22
27 15
27 20
27 14
27 20
27 10
27 9
27 9
27 10
27 19
27 16
27 17
27 22
27 12
27 18
27 17
30 9
30 24
30 15
30 17
30 12
30 12
30 20
30 7
30 18
30 8
30 15
30 7
30 9
30 15
30 22
30 21
30 23
30 17
30 22
35 6
35 18
35 8
35 19
35 15
35 27
35 11
35 26
35 13
35 11
35 18
35 20
35 23
35 9
35 9
35 9
35 26
39 18
39 13
39 20
39 25
39 20
39 11
39 19
39 16
39 9
39 17
39 9
39 8
39 15
39 23
39 15
39 27
39 7
39 13
39 23
39 9
44 6
44 8
44 16
44 18
44 11
44 14
44 17
44 18
44 6
44 25
44 16
44 15
44 27
44 19
44 27
44 10
44 16
44 15
48 24
48 20
48 11
48 21
48 7
48 27
48 6
48 15
48 7
48 11
48 22
48 9
48 27
48 11
48 11
48 20
48 19
48 27
48 10
54 20
54 12
54 10
54 6
54 26
54 24
54 26
54 12
54 25
54 25
54 24
54 18
54 8
54 11
54 12
54 7
54 18
54 13
54 21
54 25
54 24
54 21
62 26
62 11
62 25
62 26
62 7
62 8
62 13
62 18
62 17
62 9
62 21
62 22
62 10
62 10
62 11
62 24
62 27
62 16
62 15
68 17
68 26
68 27
68 14
68 16
68 8
68 11
68 15
68 27
68 21
68 19
68 11
68 25
68 22
68 21
68 21
68 20
68 19
68 25
68 8
68 17
68 13
68 15
68 23
68 12
73 15
73 20
73 11
73 25
73 9
73 9
73 24
73 22
73 26
73 23
73 22
73 17
73 27
73 27
73 7
80 15
80 7
80 24
80 22
80 18
80 9
80 15
80 6
80 9
80 8
80 8
80 12
80 18
80 6
80 11
80 9
80 24
80 21
80 23
80 23
86 6
86 26
86 22
86 27
86 23
86 8
86 16
86 12
86 13
86 24
86 27
86 23
86 13
86 22
86 9
86 8
86 14
86 7
86 16
89 8
89 13
89 19
89 15
89 24
89 20
89 18
89 9
89 18
89 20
89 12
92 12
92 22
92 10
92 15
92 14
92 13
92 7
92 27
92 25
92 14
92 11
92 16
92 7
92 22
92 10
92 17
92 11
92 14
92 17
92 7
92 25
92 10
97 12
97 9
97 23
97 6
97 15
97 16
97 7
97 7
97 19
97 19
97 20
97 11
97 16
97 18
97 12
97 27
97 19
97 7
97 26
97 13
97 18
97 20
97 27
97 11
97 11
97 11
97 13
100 18
100 10
100 27
100 16
100 23
100 21
100 7
100 13
100 13
100 8
100 24
100 26
100 6
100 11
100 11
100 8
100 20
100 18
100 15
100 14
109 19
109 14
109 19
109 6
109 16
109 12
109 25
109 22
109 12
109 13
109 18
109 13
109 13
109 17
109 16
109 8
114 19
114 24
114 16
114 7
114 19
114 16
114 8
114 8
114 27
114 21
114 22
114 18
118 21
118 21
118 12
118 26
118 20
118 25
118 23
118 24
118 27
118 27
118 26
118 12
