6
10
11
11
13
16
16
21
21
25
33
35
37
39
39
40
41
43
43
46
47
49
53
54
55
58
59
61
66
68
69
70
73
76
78
82
82
84
85
86
89
89
105
105
109
109
110
112
114
114
116
126
131
131
133
133
138
141
145
146
150
151
156
156
156
159
160
161
163
163
164
166
167
168
170
170
172
173
178
179
180
181
185
190
201
203
204
206
207
210
211
212
215
215
216
218
221
222
230
232
235
235
236
239
242
248
248
254
254
255
256
257
258
262
265
265
266
268
272
272
272
273
274
274
274
275
279
280
280
284
284
289
290
290
291
294
294
295
302
302
307
308
311
312
313
314
314
315
317
320
322
322
326
331
335
343
347
349
354
354
354
356
359
360
365
365
367
370
374
379
380
385
385
386
386
387
387
388
389
390
392
398
399
399
400
400
401
403
404
405
407
411
421
422
425
427
429
433
434
437
439
441
442
443
444
445
445
447
452
455
458
459
460
462
464
466
466
468
468
472
475
475
478
479
480
482
483
488
489
490
493
500
502
506
508
509
510
510
511
515
516
517
519
521
521
523
526
527
527
528
528
530
535
537
538
540
540
542
545
548
548
550
551
553
553
554
554
557
558
559
561
565
567
570
571
578
582
582
584
584
585
586
590
592
592
593
594
598
600
602
603
604
608
611
611
611
614
615
615
620
620
624
625
626
628
632
634
634
635
636
636
638
639
642
644
644
645
646
647
647
650
653
653
653
654
655
658
660
661
662
663
665
667
669
670
671
672
672
672
675
676
676
676
677
688
689
690
697
700
701
703
704
704
706
707
709
710
710
714
716
716
716
721
723
727
728
728
730
734
735
742
742
745
746
749
749
756
757
760
766
766
769
770
770
771
773
774
775
776
777
778
779
781
787
787
789
791
791
792
793
794
795
797
798
800
800
802
803
805
807
811
811
812
812
813
822
823
826
826
834
835
836
838
841
841
841
843
850
851
852
855
855
857
863
865
869
869
871
882
883
884
886
889
891
892
892
895
895
896
897
898
903
909
910
913
915
918
919
921
927
928
928
928
931
932
933
934
934
935
935
936
939
943
948
948
951
952
955
955
956
958
958
959
961
963
965
965
968
971
971
974
974
976
980
980
982
983
984
985
988
990
991
994
998
999
999
1000
1000
1000
1010
1010
1010
1010
1010
1010
1020
1020
1020
1020
1030
1030
1030
1040
1040
1040
1040
1040
1050
1050
1050
1060
1060
1060
1060
1070
1070
1070
1070
1070
1070
1080
1080
1080
1080
1080
1080
1080
1080
1080
1080
1080
1090
1090
1090
1090
1090
1090
1090
1090
1100
1100
1100
1100
1100
1100
1110
1110
1110
1110
1120
1120
1120
1120
1120
1120
1120
1130
1130
1130
1130
1130
1130
1130
1140
1140
1140
1140
1140
1150
1150
1150
1150
1150
1150
1160
1160
1160
1160
1160
1160
1160
1170
1170
1170
1170
1170
1180
1180
1180
1180
1180
1180
1180
1190
1190
1190
1190
1190
1200
1200
1200
1200
1210
1210
1210
1210
1210
1210
1210
1220
1220
1220
1230
1230
1230
1230
1230
1230
1230
1230
1230
1230
1240
1240
1240
1240
1240
1240
1250
1250
1250
1250
1250
1250
1260
1260
1260
1260
1260
1260
1270
1270
1270
1270
1270
1270
1270
1270
1270
1280
1280
1280
1280
1280
1280
1290
1290
1290
1300
1300
1300
1300
1300
1300
1310
1310
1310
1310
1310
1310
1310
1310
1310
1310
1320
1320
1320
1320
1320
1330
1330
1330
1330
1330
1340
1340
1350
1350
1350
1350
1350
1350
1350
1360
1360
1360
1360
1360
1360
1360
1370
1370
1370
1370
1370
1370
1370
1380
1380
1380
1380
1380
1380
1380
1390
1390
1390
1390
1390
1400
1400
1400
1400
1400
1400
1400
1400
1410
1410
1410
1410
1410
1410
1420
1420
1420
1420
1420
1420
1420
1420
1430
1430
1430
1430
1430
1430
1430
1430
1440
1440
1440
1440
1440
1440
1440
1450
1450
1450
1450
1450
1460
1460
1460
1460
1460
1460
1470
1470
1470
1470
1470
1470
1470
1470
1470
1480
1480
1480
1480
1480
1480
1480
1490
1490
1490
1490
1490
1490
1500
1500
1500
1500
1500
1500
1500
1500
1500
1510
1510
1520
1520
1520
1520
1520
1520
1520
1520
1520
1530
1530
1530
1530
1530
1530
1530
1540
1540
1540
1540
1550
1550
1550
1560
1560
1560
1560
1560
1560
1570
1570
1570
1570
1570
1570
1570
1570
1570
1570
1570
1580
1580
1580
1580
1590
1590
1590
1600
1600
1600
1610
1610
1610
1610
1610
1610
1610
1610
1620
1620
1620
1620
1620
1630
1630
1630
1630
1630
1630
1630
1640
1640
1640
1650
1650
1650
1650
1650
1650
1650
1650
1660
1660
1660
1660
1660
1660
1660
1660
1660
1660
1670
1670
1670
1670
1670
1680
1680
1680
1680
1680
1680
1690
1690
1690
1690
1700
1700
1700
1700
1710
1710
1710
1710
1720
1730
1730
1730
1730
1730
1740
1740
1740
1740
1740
1740
1740
1750
1750
1750
1750
1750
1750
1760
1760
1760
1760
1760
1760
1760
1760
1760
1770
1770
1770
1780
1780
1780
1780
1780
1780
1780
1790
1790
1790
1790
1790
1790
1790
1790
1800
1800
1800
1800
1800
1810
1810
1810
1810
1810
1810
1820
1820
1820
1820
1820
1820
1830
1830
1830
1840
1840
1840
1840
1840
1840
1840
1840
1850
1850
1850
1850
1850
1850
1860
1860
1860
1860
1860
1870
1870
1870
1870
1870
1870
1880
1880
1880
1880
1880
1880
1880
1880
1880
1890
1890
1890
1890
1890
1890
1900
1900
1900
1900
1900
1900
1900
1900
1900
1900
1910
1910
1910
1910
1910
1910
1920
1920
1920
1920
1920
1920
1920
1920
1920
1930
1930
1930
1930
1940
1940
1940
1940
1950
1950
1950
1960
1960
1960
1960
1960
1960
1960
1970
1970
1970
1970
1970
1980
1980
1980
1980
1980
1990
1990
2000
2000
2000
2000
2000
2000
2000
2000
2010
2010
2010
2010
2010
2010
2010
2010
2010
2010
2010
2020
2020
2020
2020
2030
2030
2030
2030
2030
2040
2040
2040
2040
2040
2050
2050
2050
2050
2050
2050
2050
2050
2050
2050
2060
2060
2060
2060
2060
2070
2070
2070
2070
2070
2070
2070
2080
2080
2080
2080
2080
2080
2080
2090
2090
2090
2090
2090
2090
2100
2100
2110
2110
2110
2110
2110
2110
2110
2110
2110
2120
2130
2130
2130
2130
2130
2130
2130
2140
2140
2140
2140
2150
2150
2160
2160
2160
2160
2160
2170
2170
2170
2170
2170
2170
2170
2180
2180
2180
2180
2180
2180
2180
2180
2180
2190
2190
2190
2200
2200
2200
2200
2210
2210
2210
2210
2210
2210
2220
2220
2220
2220
2220
2220
2230
2230
2230
2230
2230
2230
2230
2240
2240
2250
2250
2250
2250
2250
2250
2260
2260
2260
2260
2260
2260
2270
2270
2270
2270
2270
2270
2270
2280
2280
2280
2280
2280
2290
2290
2290
2290
2290
2290
2300
2300
2300
2300
2300
2300
2300
2310
2310
2310
2310
2310
2310
2320
2320
2320
2320
2330
2330
2330
2330
2330
2330
2330
2340
2340
2340
2340
2340
2340
2340
2350
2350
2350
2350
2350
2350
2350
2350
2360
2360
2360
2360
2360
2370
2370
2380
2380
2380
2380
2380
2380
2390
2390
2390
2390
2400
2400
2400
2400
2400
2400
2400
2410
2410
2410
2430
2430
2430
2440
2440
2440
2440
2440
2450
2450
2450
2450
2450
2460
2460
2460
2470
2470
2470
2470
2470
2470
2470
2470
2480
2480
2480
2480
2480
2490
2490
2490
2490
2490
2490
2490
2500
2500
2500
2500
2500
2500
2510
2510
2510
2510
2520
2520
2520
2520
2520
2530
2530
2530
2530
2530
2540
2540
2540
2540
2540
2550
2550
2550
2550
2550
2550
2550
2560
2560
2560
2570
2570
2570
2570
2570
2580
2580
2580
2580
2580
2580
2580
2590
2590
2590
2590
2590
2600
2600
2600
2600
2600
2610
2610
2610
2610
2620
2620
2620
2630
2630
2630
2630
2630
2630
2640
2640
2640
2640
2650
2650
2650
2650
2660
2660
2660
2660
2660
2660
2660
2660
2670
2670
2670
2670
2670
2670
2680
2680
2680
2680
2680
2690
2690
2690
2690
2690
2690
2700
2700
2700
2700
2700
2700
2710
2710
2710
2720
2720
2720
2720
2730
2730
2730
2730
2730
2740
2740
2740
2740
2740
2740
2740
2750
2750
2750
2750
2750
2750
2760
2760
2760
2760
2770
2770
2770
2770
2770
2770
2770
2780
2780
2780
2780
2780
2780
2780
2780
2780
2790
2790
2790
2790
2790
2800
2800
2800
2800
2800
2810
2810
2820
2820
2820
2820
2820
2830
2830
2840
2840
2840
2840
2840
2840
2850
2850
2850
2850
2860
2860
2860
2860
2870
2870
2870
2870
2870
2880
2880
2880
2880
2890
2890
2890
2900
2900
2900
2900
2900
2900
2910
2910
2910
2910
2910
2910
2910
2920
2920
2920
2930
2930
2940
2940
2940
2950
2950
2950
2950
2950
2960
2960
2960
2960
2970
2970
2970
2980
2980
2980
2980
2980
2980
2990
2990
2990
2990
3000
3000
3000
3000
3000
3000
3000
3010
3010
3010
3010
3010
3010
3010
3020
3030
3030
3030
3030
3030
3030
3030
3040
3040
3040
3040
3040
3040
3050
3050
3050
3060
3060
3060
3060
3060
3070
3070
3070
3070
3070
3070
3080
3080
3080
3080
3080
3090
3090
3090
3090
3100
3100
3100
3100
3110
3110
3110
3120
3120
3120
3120
3120
3120
3130
3130
3130
3140
3140
3150
3150
3160
3160
3160
3160
3170
3170
3170
3170
3170
3180
3190
3190
3190
3190
3190
3200
3200
3200
3200
3200
3210
3210
3220
3220
3220
3220
3230
3230
3230
3230
3230
3230
3230
3230
3230
3230
3240
3240
3240
3240
3250
3250
3260
3270
3270
3270
3270
3280
3280
3280
3280
3280
3280
3290
3290
3290
3290
3300
3300
3310
3310
3310
3310
3320
3320
3320
3320
3330
3330
3330
3330
3330
3340
3340
3340
3350
3350
3360
3360
3360
3360
3360
3370
3370
3370
3370
3380
3380
3380
3380
3380
3390
3390
3390
3390
3390
3390
3400
3400
3400
3400
3410
3410
3410
3410
3410
3420
3420
3430
3430
3430
3440
3440
3440
3440
3440
3440
3450
3450
3460
3460
3470
3470
3470
3470
3470
3480
3480
3480
3480
3480
3480
3490
3490
3490
3490
3500
3500
3500
3510
3510
3520
3520
3520
3520
3530
3530
3530
3540
3540
3540
3550
3560
3560
3560
3560
3560
3570
3570
3570
3570
3570
3580
3580
3590
3590
3590
3600
3600
3600
3600
3610
3620
3630
3630
3630
3630
3640
3640
3640
3650
3650
3650
3650
3660
3660
3660
3660
3670
3670
3680
3680
3690
3690
3690
3700
3700
3700
3710
3710
3710
3710
3710
3710
3720
3720
3720
3720
3730
3730
3740
3750
3750
3750
3750
3770
3770
3770
3770
3780
3780
3780
3790
3790
3800
3810
3810
3810
3820
3820
3820
3820
3830
3840
3840
3850
3850
3850
3850
3860
3860
3860
3880
3880
3890
3890
3890
3900
3900
3900
3910
3910
3920
3920
3920
3920
3930
3930
3930
3940
3940
3950
3950
3980
3990
4000
4000
4000
4000
4010
4020
4020
4020
4030
4040
4040
4040
4050
4060
4080
4080
4090
4090
4110
4110
4120
4120
4130
4140
4150
4160
4160
4160
4170
4170
4180
4190
4190
4200
4200
4210
4210
4210
4230
4230
4230
4240
4250
4260
4260
4260
4270
4280
4290
4290
4290
4300
4300
4310
4320
4330
4330
4350
4350
4360
4380
4380
4390
4390
4390
4390
4400
4420
4430
4440
4440
4440
4450
4450
4450
4470
4480
4500
4500
4510
4510
4510
4510
4520
4520
4530
4590
4590
4610
4610
4620
4630
4630
4650
4650
4660
4660
4670
4670
4680
4700
4700
4710
4710
4720
4730
4740
4750
4750
4750
4770
4770
4780
4790
4790
4800
4800
4820
4820
4830
4840
4840
4870
4880
4890
4900
4910
4920
4930
4930
4930
4940
4940
4940
4950
4960
4960
4970
4980
4980
4980
5000
5000
5010
5020
5030
5030
5030
5030
5040
5060
5070
5070
5080
5080
5090
5100
5110
5110
5130
5130
5140
5150
5150
5160
5170
5170
5190
5190
5200
5210
5220
5230
5240
5260
5270
5300
5330
5330
5360
5370
5380
5390
5390
5390
5390
5410
5410
5410
5420
5420
5440
5440
5460
5480
5480
5480
5490
5490
5510
5510
5510
5520
5530
5540
5570
5640
5670
5680
5690
5690
5690
5720
5750
5770
5770
5780
5780
5790
5790
5800
5810
5820
5840
5850
5860
5860
5890
5900
5930
5930
5940
5950