10 11 11 13
21 21 25
33 35 37
39 39 40 41 43 43
46 47 49
53 54 55
58 59 61
66 68 69 70
78 82 82
84 85 86
105 105 109 109
110 112 114 114
131 131 133 133
156 156 156 159 160
161 163 163 164
166 167 168 170 170
178 179 180 181
201 203 204
206 207 210
211 212 215 215
218 221 222
232 235 235 236
254 254 255 256 257 258
262 265 265 266
268 272 272 272
273 274 274 274 275
279 280 280
289 290 290 291
294 294 295
307 308 311
312 313 314 314 315
320 322 322
354 354 354 356
365 365 367
385 385 386 386 387 387 388 389
398 399 399 400 400 401
403 404 405 407
421 422 425
433 434 437
439 441 442 443
444 445 445 447
455 458 459
460 462 464
466 466 468 468
472 475 475
478 479 480 482
488 489 490
506 508 509 510 510
515 516 517 519
521 521 523
526 527 527 528 528 530
535 537 538
540 540 542
545 548 548
550 551 553 553 554 554
557 558 559 561
567 570 571
578 582 582
584 584 585 586
590 592 592 593 594
598 600 602
608 611 611 611
614 615 615
620 620 624
625 626 628
632 634 634 635 636 636
638 639 642
644 644 645 646 647 647
650 653 653 653 654
658 660 661 662
663 665 667
669 670 671 672 672 672
675 676 676 676 677
688 689 690
697 700 701
703 704 704 706 707
709 710 710
714 716 716 716
727 728 728 730
742 742 745 746
756 757 760
766 766 769 770 770
771 773 774 775
776 777 778 779
787 787 789 791 791
792 793 794 795
797 798 800 800
802 803 805
807 811 811
812 812 813
822 823 826 826
834 835 836 838
841 841 841 843
850 851 852
855 855 857
865 869 869
882 883 884 886
889 891 892 892
895 895 896 897 898
909 910 913
915 918 919
927 928 928 928 931
932 933 934 934 935 935 936
948 948 951 952
955 955 956 958 958 959
961 963 965 965
968 971 971
974 974 976
980 980 982 983 984
988 990 991
998 999 999 1000 1000 1000
1010 1010 1010 1010 1010 1010
1020 1020 1020 1020
1030 1030 1030
1040 1040 1040 1040 1040
1050 1050 1050
1060 1060 1060 1060
1070 1070 1070 1070 1070 1070
1080 1080 1080 1080 1080 1080 1080 1080 1080 1080 1080
1090 1090 1090 1090 1090 1090 1090 1090
1100 1100 1100 1100 1100 1100
1110 1110 1110 1110
1120 1120 1120 1120 1120 1120 1120
1130 1130 1130 1130 1130 1130 1130
1140 1140 1140 1140 1140
1150 1150 1150 1150 1150 1150
1160 1160 1160 1160 1160 1160 1160
1170 1170 1170 1170 1170
1180 1180 1180 1180 1180 1180 1180
1190 1190 1190 1190 1190
1200 1200 1200 1200
1210 1210 1210 1210 1210 1210 1210
1220 1220 1220
1230 1230 1230 1230 1230 1230 1230 1230 1230 1230
1240 1240 1240 1240 1240 1240
1250 1250 1250 1250 1250 1250
1260 1260 1260 1260 1260 1260
1270 1270 1270 1270 1270 1270 1270 1270 1270
1280 1280 1280 1280 1280 1280
1290 1290 1290
1300 1300 1300 1300 1300 1300
1310 1310 1310 1310 1310 1310 1310 1310 1310 1310
1320 1320 1320 1320 1320
1330 1330 1330 1330 1330
1350 1350 1350 1350 1350 1350 1350
1360 1360 1360 1360 1360 1360 1360
1370 1370 1370 1370 1370 1370 1370
1380 1380 1380 1380 1380 1380 1380
1390 1390 1390 1390 1390
1400 1400 1400 1400 1400 1400 1400 1400
1410 1410 1410 1410 1410 1410
1420 1420 1420 1420 1420 1420 1420 1420
1430 1430 1430 1430 1430 1430 1430 1430
1440 1440 1440 1440 1440 1440 1440
1450 1450 1450 1450 1450
1460 1460 1460 1460 1460 1460
1470 1470 1470 1470 1470 1470 1470 1470 1470
1480 1480 1480 1480 1480 1480 1480
1490 1490 1490 1490 1490 1490
1500 1500 1500 1500 1500 1500 1500 1500 1500
1520 1520 1520 1520 1520 1520 1520 1520 1520
1530 1530 1530 1530 1530 1530 1530
1540 1540 1540 1540
1550 1550 1550
1560 1560 1560 1560 1560 1560
1570 1570 1570 1570 1570 1570 1570 1570 1570 1570 1570
1580 1580 1580 1580
1590 1590 1590
1600 1600 1600
1610 1610 1610 1610 1610 1610 1610 1610
1620 1620 1620 1620 1620
1630 1630 1630 1630 1630 1630 1630
1640 1640 1640
1650 1650 1650 1650 1650 1650 1650 1650
1660 1660 1660 1660 1660 1660 1660 1660 1660 1660
1670 1670 1670 1670 1670
1680 1680 1680 1680 1680 1680
1690 1690 1690 1690
1700 1700 1700 1700
1710 1710 1710 1710
1730 1730 1730 1730 1730
1740 1740 1740 1740 1740 1740 1740
1750 1750 1750 1750 1750 1750
1760 1760 1760 1760 1760 1760 1760 1760 1760
1770 1770 1770
1780 1780 1780 1780 1780 1780 1780
1790 1790 1790 1790 1790 1790 1790 1790
1800 1800 1800 1800 1800
1810 1810 1810 1810 1810 1810
1820 1820 1820 1820 1820 1820
1830 1830 1830
1840 1840 1840 1840 1840 1840 1840 1840
1850 1850 1850 1850 1850 1850
1860 1860 1860 1860 1860
1870 1870 1870 1870 1870 1870
1880 1880 1880 1880 1880 1880 1880 1880 1880
1890 1890 1890 1890 1890 1890
1900 1900 1900 1900 1900 1900 1900 1900 1900 1900
1910 1910 1910 1910 1910 1910
1920 1920 1920 1920 1920 1920 1920 1920 1920
1930 1930 1930 1930
1940 1940 1940 1940
1950 1950 1950
1960 1960 1960 1960 1960 1960 1960
1970 1970 1970 1970 1970
1980 1980 1980 1980 1980
2000 2000 2000 2000 2000 2000 2000 2000
2010 2010 2010 2010 2010 2010 2010 2010 2010 2010 2010
2020 2020 2020 2020
2030 2030 2030 2030 2030
2040 2040 2040 2040 2040
2050 2050 2050 2050 2050 2050 2050 2050 2050 2050
2060 2060 2060 2060 2060
2070 2070 2070 2070 2070 2070 2070
2080 2080 2080 2080 2080 2080 2080
2090 2090 2090 2090 2090 2090
2110 2110 2110 2110 2110 2110 2110 2110 2110
2130 2130 2130 2130 2130 2130 2130
2140 2140 2140 2140
2160 2160 2160 2160 2160
2170 2170 2170 2170 2170 2170 2170
2180 2180 2180 2180 2180 2180 2180 2180 2180
2190 2190 2190
2200 2200 2200 2200
2210 2210 2210 2210 2210 2210
2220 2220 2220 2220 2220 2220
2230 2230 2230 2230 2230 2230 2230
2250 2250 2250 2250 2250 2250
2260 2260 2260 2260 2260 2260
2270 2270 2270 2270 2270 2270 2270
2280 2280 2280 2280 2280
2290 2290 2290 2290 2290 2290
2300 2300 2300 2300 2300 2300 2300
2310 2310 2310 2310 2310 2310
2320 2320 2320 2320
2330 2330 2330 2330 2330 2330 2330
2340 2340 2340 2340 2340 2340 2340
2350 2350 2350 2350 2350 2350 2350 2350
2360 2360 2360 2360 2360
2380 2380 2380 2380 2380 2380
2390 2390 2390 2390
2400 2400 2400 2400 2400 2400 2400
2410 2410 2410
2430 2430 2430
2440 2440 2440 2440 2440
2450 2450 2450 2450 2450
2460 2460 2460
2470 2470 2470 2470 2470 2470 2470 2470
2480 2480 2480 2480 2480
2490 2490 2490 2490 2490 2490 2490
2500 2500 2500 2500 2500 2500
2510 2510 2510 2510
2520 2520 2520 2520 2520
2530 2530 2530 2530 2530
2540 2540 2540 2540 2540
2550 2550 2550 2550 2550 2550 2550
2560 2560 2560
2570 2570 2570 2570 2570
2580 2580 2580 2580 2580 2580 2580
2590 2590 2590 2590 2590
2600 2600 2600 2600 2600
2610 2610 2610 2610
2620 2620 2620
2630 2630 2630 2630 2630 2630
2640 2640 2640 2640
2650 2650 2650 2650
2660 2660 2660 2660 2660 2660 2660 2660
2670 2670 2670 2670 2670 2670
2680 2680 2680 2680 2680
2690 2690 2690 2690 2690 2690
2700 2700 2700 2700 2700 2700
2710 2710 2710
2720 2720 2720 2720
2730 2730 2730 2730 2730
2740 2740 2740 2740 2740 2740 2740
2750 2750 2750 2750 2750 2750
2760 2760 2760 2760
2770 2770 2770 2770 2770 2770 2770
2780 2780 2780 2780 2780 2780 2780 2780 2780
2790 2790 2790 2790 2790
2800 2800 2800 2800 2800
2820 2820 2820 2820 2820
2840 2840 2840 2840 2840 2840
2850 2850 2850 2850
2860 2860 2860 2860
2870 2870 2870 2870 2870
2880 2880 2880 2880
2890 2890 2890
2900 2900 2900 2900 2900 2900
2910 2910 2910 2910 2910 2910 2910
2920 2920 2920
2940 2940 2940
2950 2950 2950 2950 2950
2960 2960 2960 2960
2970 2970 2970
2980 2980 2980 2980 2980 2980
2990 2990 2990 2990
3000 3000 3000 3000 3000 3000 3000
3010 3010 3010 3010 3010 3010 3010
3030 3030 3030 3030 3030 3030 3030
3040 3040 3040 3040 3040 3040
3050 3050 3050
3060 3060 3060 3060 3060
3070 3070 3070 3070 3070 3070
3080 3080 3080 3080 3080
3090 3090 3090 3090
3100 3100 3100 3100
3110 3110 3110
3120 3120 3120 3120 3120 3120
3130 3130 3130
3160 3160 3160 3160
3170 3170 3170 3170 3170
3190 3190 3190 3190 3190
3200 3200 3200 3200 3200
3220 3220 3220 3220
3230 3230 3230 3230 3230 3230 3230 3230 3230 3230
3240 3240 3240 3240
3270 3270 3270 3270
3280 3280 3280 3280 3280 3280
3290 3290 3290 3290
3310 3310 3310 3310
3320 3320 3320 3320
3330 3330 3330 3330 3330
3340 3340 3340
3360 3360 3360 3360 3360
3370 3370 3370 3370
3380 3380 3380 3380 3380
3390 3390 3390 3390 3390 3390
3400 3400 3400 3400
3410 3410 3410 3410 3410
3430 3430 3430
3440 3440 3440 3440 3440 3440
3470 3470 3470 3470 3470
3480 3480 3480 3480 3480 3480
3490 3490 3490 3490
3500 3500 3500
3520 3520 3520 3520
3530 3530 3530
3540 3540 3540
3560 3560 3560 3560 3560
3570 3570 3570 3570 3570
3590 3590 3590
3600 3600 3600 3600
3630 3630 3630 3630
3640 3640 3640
3650 3650 3650 3650
3660 3660 3660 3660
3690 3690 3690
3700 3700 3700
3710 3710 3710 3710 3710 3710
3720 3720 3720 3720
3750 3750 3750 3750
3770 3770 3770 3770
3780 3780 3780
3810 3810 3810
3820 3820 3820 3820
3850 3850 3850 3850
3860 3860 3860
3890 3890 3890
3900 3900 3900
3920 3920 3920 3920
3930 3930 3930
4000 4000 4000 4000
4020 4020 4020
4040 4040 4040
4160 4160 4160
4210 4210 4210
4230 4230 4230
4260 4260 4260
4290 4290 4290
4390 4390 4390 4390
4440 4440 4440
4450 4450 4450
4510 4510 4510 4510
4750 4750 4750
4930 4930 4930
4940 4940 4940
4980 4980 4980
5030 5030 5030 5030
5390 5390 5390 5390
5410 5410 5410
5480 5480 5480
5510 5510 5510
5690 5690 5690
