1 2 2 4
7 7 9
10 11 12
13 13 15 16 17 17
19 20 21
22 23 24
25 26 27
28 29 30 31
34 35 35
37 38 39
42 42 44 44
46 47 48 48
52 52 54 54
62 62 62 65 66
67 68 68 70
71 72 73 74 74
78 79 80 81
84 85 86
87 88 89
90 91 92 92
95 96 97
99 100 100 102
107 107 109 110 111 112
113 114 114 116
117 118 118 118
121 122 122 122 125
126 127 127
131 132 132 134
135 135 137
140 141 142
143 144 145 145 147
149 150 150
158 158 158 161
164 164 166
171 171 173 173 175 175 177 178
181 182 182 184 184 186
187 188 189 190
192 193 194
197 198 199
200 201 202 203
204 205 205 207
209 210 211
212 213 214
215 215 217 217
219 220 220
222 223 224 225
227 228 229
233 234 235 236 236
239 240 241 242
243 243 245
246 247 247 249 249 251
252 253 254
255 255 257
258 259 259
261 262 263 263 265 265
267 268 269 270
272 273 274
275 276 276
278 278 280 281
282 283 283 285 286
287 288 289
292 293 293 293
296 297 297
299 299 301
302 303 304
305 306 306 308 309 309
311 312 313
314 314 316 317 318 318
320 321 321 321 324
326 327 328 329
330 331 332
333 334 335 336 336 336
339 340 340 340 343
344 345 346
347 348 349
350 351 351 353 354
355 356 356
358 359 359 359
364 365 365 367
370 370 372 373
376 377 378
379 379 381 382 382
384 385 386 387
388 389 390 391
393 393 395 396 396
398 399 400 401
402 403 404 404
406 407 408
409 410 410
412 412 414
415 416 417 417
419 420 421 422
423 423 423 426
427 428 429
430 430 432
434 435 435
438 439 440 441
442 443 444 444
446 446 448 449 450
452 453 454
455 456 457
459 460 460 460 463
464 465 466 466 468 468 470
473 473 475 476
477 477 479 480 480 482
483 484 485 485
487 488 488
490 490 492
493 493 495 496 497
499 500 501
503 504 504 506 506 506
509 509 509 509 509 509
515 515 515 515
519 519 519
522 522 522 522 522
527 527 527
530 530 530 530
534 534 534 534 534 534
540 540 540 540 540 540 540 540 540 540 540
551 551 551 551 551 551 551 551
559 559 559 559 559 559
565 565 565 565
569 569 569 569 569 569 569
576 576 576 576 576 576 576
583 583 583 583 583
588 588 588 588 588 588
594 594 594 594 594 594 594
601 601 601 601 601
606 606 606 606 606 606 606
613 613 613 613 613
618 618 618 618
622 622 622 622 622 622 622
629 629 629
632 632 632 632 632 632 632 632 632 632
642 642 642 642 642 642
648 648 648 648 648 648
654 654 654 654 654 654
660 660 660 660 660 660 660 660 660
669 669 669 669 669 669
675 675 675
678 678 678 678 678 678
684 684 684 684 684 684 684 684 684 684
694 694 694 694 694
699 699 699 699 699
706 706 706 706 706 706 706
713 713 713 713 713 713 713
720 720 720 720 720 720 720
727 727 727 727 727 727 727
734 734 734 734 734
739 739 739 739 739 739 739 739
747 747 747 747 747 747
753 753 753 753 753 753 753 753
761 761 761 761 761 761 761 761
769 769 769 769 769 769 769
776 776 776 776 776
781 781 781 781 781 781
787 787 787 787 787 787 787 787 787
796 796 796 796 796 796 796
803 803 803 803 803 803
809 809 809 809 809 809 809 809 809
820 820 820 820 820 820 820 820 820
829 829 829 829 829 829 829
836 836 836 836
840 840 840
843 843 843 843 843 843
849 849 849 849 849 849 849 849 849 849 849
860 860 860 860
864 864 864
867 867 867
870 870 870 870 870 870 870 870
878 878 878 878 878
883 883 883 883 883 883 883
890 890 890
893 893 893 893 893 893 893 893
901 901 901 901 901 901 901 901 901 901
911 911 911 911 911
916 916 916 916 916 916
922 922 922 922
926 926 926 926
930 930 930 930
935 935 935 935 935
940 940 940 940 940 940 940
947 947 947 947 947 947
953 953 953 953 953 953 953 953 953
962 962 962
965 965 965 965 965 965 965
972 972 972 972 972 972 972 972
980 980 980 980 980
985 985 985 985 985 985
991 991 991 991 991 991
997 997 997
1000 1000 1000 1000 1000 1000 1000 1000
1008 1008 1008 1008 1008 1008
1014 1014 1014 1014 1014
1019 1019 1019 1019 1019 1019
1025 1025 1025 1025 1025 1025 1025 1025 1025
1034 1034 1034 1034 1034 1034
1040 1040 1040 1040 1040 1040 1040 1040 1040 1040
1050 1050 1050 1050 1050 1050
1056 1056 1056 1056 1056 1056 1056 1056 1056
1065 1065 1065 1065
1069 1069 1069 1069
1073 1073 1073
1076 1076 1076 1076 1076 1076 1076
1083 1083 1083 1083 1083
1088 1088 1088 1088 1088
1095 1095 1095 1095 1095 1095 1095 1095
1103 1103 1103 1103 1103 1103 1103 1103 1103 1103 1103
1114 1114 1114 1114
1118 1118 1118 1118 1118
1123 1123 1123 1123 1123
1128 1128 1128 1128 1128 1128 1128 1128 1128 1128
1138 1138 1138 1138 1138
1143 1143 1143 1143 1143 1143 1143
1150 1150 1150 1150 1150 1150 1150
1157 1157 1157 1157 1157 1157
1165 1165 1165 1165 1165 1165 1165 1165 1165
1175 1175 1175 1175 1175 1175 1175
1182 1182 1182 1182
1188 1188 1188 1188 1188
1193 1193 1193 1193 1193 1193 1193
1200 1200 1200 1200 1200 1200 1200 1200 1200
1209 1209 1209
1212 1212 1212 1212
1216 1216 1216 1216 1216 1216
1222 1222 1222 1222 1222 1222
1228 1228 1228 1228 1228 1228 1228
1237 1237 1237 1237 1237 1237
1243 1243 1243 1243 1243 1243
1249 1249 1249 1249 1249 1249 1249
1256 1256 1256 1256 1256
1261 1261 1261 1261 1261 1261
1267 1267 1267 1267 1267 1267 1267
1274 1274 1274 1274 1274 1274
1280 1280 1280 1280
1284 1284 1284 1284 1284 1284 1284
1291 1291 1291 1291 1291 1291 1291
1298 1298 1298 1298 1298 1298 1298 1298
1306 1306 1306 1306 1306
1313 1313 1313 1313 1313 1313
1319 1319 1319 1319
1323 1323 1323 1323 1323 1323 1323
1330 1330 1330
1333 1333 1333
1336 1336 1336 1336 1336
1341 1341 1341 1341 1341
1346 1346 1346
1349 1349 1349 1349 1349 1349 1349 1349
1357 1357 1357 1357 1357
1362 1362 1362 1362 1362 1362 1362
1369 1369 1369 1369 1369 1369
1375 1375 1375 1375
1379 1379 1379 1379 1379
1384 1384 1384 1384 1384
1389 1389 1389 1389 1389
1394 1394 1394 1394 1394 1394 1394
1401 1401 1401
1404 1404 1404 1404 1404
1409 1409 1409 1409 1409 1409 1409
1416 1416 1416 1416 1416
1421 1421 1421 1421 1421
1426 1426 1426 1426
1430 1430 1430
1433 1433 1433 1433 1433 1433
1439 1439 1439 1439
1443 1443 1443 1443
1447 1447 1447 1447 1447 1447 1447 1447
1455 1455 1455 1455 1455 1455
1461 1461 1461 1461 1461
1466 1466 1466 1466 1466 1466
1472 1472 1472 1472 1472 1472
1478 1478 1478
1481 1481 1481 1481
1485 1485 1485 1485 1485
1490 1490 1490 1490 1490 1490 1490
1497 1497 1497 1497 1497 1497
1503 1503 1503 1503
1507 1507 1507 1507 1507 1507 1507
1514 1514 1514 1514 1514 1514 1514 1514 1514
1523 1523 1523 1523 1523
1528 1528 1528 1528 1528
1535 1535 1535 1535 1535
1542 1542 1542 1542 1542 1542
1548 1548 1548 1548
1552 1552 1552 1552
1556 1556 1556 1556 1556
1561 1561 1561 1561
1565 1565 1565
1568 1568 1568 1568 1568 1568
1574 1574 1574 1574 1574 1574 1574
1581 1581 1581
1586 1586 1586
1589 1589 1589 1589 1589
1594 1594 1594 1594
1598 1598 1598
1601 1601 1601 1601 1601 1601
1607 1607 1607 1607
1611 1611 1611 1611 1611 1611 1611
1618 1618 1618 1618 1618 1618 1618
1626 1626 1626 1626 1626 1626 1626
1633 1633 1633 1633 1633 1633
1639 1639 1639
1642 1642 1642 1642 1642
1647 1647 1647 1647 1647 1647
1653 1653 1653 1653 1653
1658 1658 1658 1658
1662 1662 1662 1662
1666 1666 1666
1669 1669 1669 1669 1669 1669
1675 1675 1675
1682 1682 1682 1682
1686 1686 1686 1686 1686
1692 1692 1692 1692 1692
1697 1697 1697 1697 1697
1704 1704 1704 1704
1708 1708 1708 1708 1708 1708 1708 1708 1708 1708
1718 1718 1718 1718
1725 1725 1725 1725
1729 1729 1729 1729 1729 1729
1735 1735 1735 1735
1741 1741 1741 1741
1745 1745 1745 1745
1749 1749 1749 1749 1749
1754 1754 1754
1759 1759 1759 1759 1759
1764 1764 1764 1764
1768 1768 1768 1768 1768
1773 1773 1773 1773 1773 1773
1779 1779 1779 1779
1783 1783 1783 1783 1783
1790 1790 1790
1793 1793 1793 1793 1793 1793
1803 1803 1803 1803 1803
1808 1808 1808 1808 1808 1808
1814 1814 1814 1814
1818 1818 1818
1823 1823 1823 1823
1827 1827 1827
1830 1830 1830
1834 1834 1834 1834 1834
1839 1839 1839 1839 1839
1846 1846 1846
1849 1849 1849 1849
1855 1855 1855 1855
1859 1859 1859
1862 1862 1862 1862
1866 1866 1866 1866
1874 1874 1874
1877 1877 1877
1880 1880 1880 1880 1880 1880
1886 1886 1886 1886
1893 1893 1893 1893
1897 1897 1897 1897
1901 1901 1901
1907 1907 1907
1910 1910 1910 1910
1917 1917 1917 1917
1921 1921 1921
1926 1926 1926
1929 1929 1929
1934 1934 1934 1934
1938 1938 1938
1947 1947 1947 1947
1952 1952 1952
1956 1956 1956
1972 1972 1972
1982 1982 1982
1985 1985 1985
1990 1990 1990
1995 1995 1995
2009 2009 2009 2009
2016 2016 2016
2019 2019 2019
2026 2026 2026 2026
2054 2054 2054
2075 2075 2075
2078 2078 2078
2085 2085 2085
2092 2092 2092 2092
2129 2129 2129 2129
2133 2133 2133
2141 2141 2141
2146 2146 2146
2156 2156 2156
