1.50E+02
1.19E+02
1.61E+02
1.65E+02
-5.31E+01
-2.94E+01
1.34E+02
1.63E+02
1.26E+02
1.16E+02
1.17E+02
1.58E+02
1.06E+02
1.25E+02
1.62E+02
1.76E+02
9.81E+01
1.30E+02
1.23E+02
1.46E+02
1.66E+02
1.38E+02
1.15E+02
1.27E+02
1.46E+02
1.38E+02
4.14E+01
1.35E+02
9.86E+01
1.11E+02
1.32E+02
1.52E+02
1.32E+02
1.65E+02
1.61E+02
1.74E+02
1.60E+02
5.01E+01
1.25E+02
1.17E+02
1.42E+02
1.40E+02
1.52E+02
1.83E+02
1.40E+02
1.26E+02
1.61E+02
1.34E+02
1.67E+02
1.59E+02
1.38E+02
1.09E+02
1.22E+02
1.34E+02
1.91E+02
-3.67E+01
3.91E+01
2.16E+02
1.31E+02
7.19E+01
1.33E+02
1.73E+02
1.23E+02
1.26E+02
1.46E+02
1.30E+02
1.33E+02
1.61E+02
2.81E+01
1.58E+02
1.13E+02
1.53E+02
1.59E+02
1.37E+02
1.25E+02
7.67E+01
1.69E+02
4.53E+01
1.62E+02
7.77E+01
1.82E+02
1.38E+02
1.24E+02
1.27E+02
1.45E+02
1.82E+02
-4.49E+01
1.08E+02
-1.29E+02
3.14E+01
1.58E+02
1.33E+02
1.45E+02
1.46E+02
1.02E+02
1.62E+02
1.76E+02
1.15E+02
1.15E+02
1.47E+02
1.53E+02
8.93E+01
1.34E+02
7.02E+01
1.42E+02
-5.31E+01
1.36E+02
1.16E+02
1.52E+02
4.68E+01
1.39E+02
5.99E+01
1.53E+02
1.55E+02
1.75E+02
1.43E+02
1.48E+02
1.08E+02
1.16E+02
1.55E+02
-2.67E+01
1.37E+02
1.66E+02
1.11E+02
1.42E+02
1.27E+02
1.34E+02
1.51E+02
1.08E+02
1.64E+02
1.41E+02
1.32E+02
1.14E+03
4.68E+01
-1.05E+02
1.48E+02
1.38E+02
-5.09E+01
1.50E+02
1.32E+02
1.62E+02
1.63E+02
-9.91E+01
1.21E+02
1.39E+02
1.62E+02
4.83E+01
1.83E+02
9.60E+01
-6.88E+01
1.42E+02
1.42E+02
1.26E+02
1.10E+02
1.39E+02
1.37E+02
1.24E+02
1.37E+02
3.23E+01
1.64E+02
9.00E+01
1.51E+02
1.15E+02
1.23E+02
1.46E+02
1.36E+02
1.30E+02
2.51E+01
-3.27E+01
1.70E+02
1.42E+02
1.09E+02
1.92E+02
1.64E+02
1.75E+02
1.11E+02
1.53E+02
-2.72E+01
1.21E+02
1.17E+02
1.15E+02
1.55E+02
1.64E+02
1.52E+02
1.88E+02
1.30E+02
1.46E+02
1.52E+02
1.43E+02
1.62E+02
1.38E+02
1.49E+02
1.63E+02
1.09E+02
1.28E+02
1.33E+02
1.58E+02
-5.13E+01
1.60E+02
1.63E+02
1.35E+02
1.12E+02
1.22E+02
9.83E+01
1.81E+02
1.23E+02
1.43E+02
1.89E+02
1.44E+02
1.50E+02
1.45E+02
1.48E+02
1.56E+02
-4.83E+01
1.22E+02
1.66E+02
1.38E+02
1.67E+02
7.54E+01
1.67E+02
1.42E+02
1.33E+02
1.46E+02
1.21E+02
2.94E+02
4.25E+01
1.60E+02
1.38E+02
1.61E+02
1.37E+02
-8.24E+01
1.58E+02
1.01E+02
1.72E+02
1.12E+02
1.90E+02
5.57E+01
1.55E+02
8.43E+01
1.44E+02
1.54E+02
1.18E+02
1.20E+02
-5.83E+01
-7.15E+01
1.73E+02
1.59E+02
1.52E+02
1.66E+02
-1.85E+02
1.00E+02
1.41E+02
1.15E+02
-1.62E+02
1.24E+02
1.40E+02
8.47E+01
-1.40E+02
1.39E+02
1.68E+02
1.66E+02
-2.66E+02
1.53E+02
1.20E+02
-7.07E+01
5.53E+02
1.31E+02
1.64E+02
2.13E+01
-2.65E+02
1.60E+02
1.07E+02
1.47E+02
7.23E+01
1.34E+02
1.39E+02
1.66E+02
1.31E+02
-1.07E+02
1.60E+02
1.52E+02
1.80E+02
1.10E+02
1.43E+02
1.66E+02
1.58E+02
1.56E+02
1.46E+02
9.25E+01
1.13E+02
1.37E+02
1.42E+02
1.70E+02
1.33E+02
-9.55E+01
1.39E+02
1.53E+02
1.56E+02
1.31E+02
1.24E+02
1.46E+02
1.73E+02
-7.68E+01
1.32E+02
-1.12E+02
1.46E+02
1.26E+02
2.36E+02
-1.81E+02
4.78E+01
1.56E+02
1.10E+02
-1.11E+02
1.43E+02
1.56E+02
1.23E+02
-5.12E+01
1.31E+02
1.46E+02
1.79E+02
-3.70E+01
1.26E+02
-7.63E+01
1.54E+02
1.38E+02
1.54E+02
1.04E+02
-4.07E+01
1.33E+02
1.24E+02
1.52E+02
1.62E+02
8.03E+01
-3.59E+01
1.49E+02
1.47E+02
1.82E+02
1.51E+02
1.50E+02
1.22E+02
1.09E+02
1.07E+02
1.71E+02
1.51E+02
1.35E+02
1.43E+02
9.22E+01
1.68E+02
1.42E+02
-1.89E+02
1.53E+02
1.60E+02
1.80E+02
1.58E+02
1.60E+02
-7.48E+01
1.44E+02
-8.94E+01
1.31E+02
1.22E+02
1.29E+02
3.93E+01
1.60E+02
2.09E+02
-2.42E+02
1.59E+02
1.35E+02
1.59E+02
1.54E+02
-1.06E+02
1.68E+02
1.41E+02
1.42E+02
1.04E+02
1.67E+02
3.84E+01
1.54E+02
1.19E+02
1.62E+02
1.08E+02
1.30E+02
2.17E+01
1.36E+02
1.53E+02
1.48E+02
1.63E+02
-3.51E+01
1.01E+02
1.41E+02
1.33E+02
1.49E+02
1.37E+02
1.21E+02
1.35E+02
1.10E+02
1.26E+02
1.30E+02
1.57E+02
1.71E+02
1.47E+02
6.86E+01
-2.87E+01
1.42E+02
9.25E+01
1.63E+02
1.43E+02
1.56E+02
1.58E+02
-3.64E+01
1.32E+02
1.42E+02
-1.02E+02
1.88E+02
1.53E+02
1.49E+02
1.45E+02
1.13E+02
1.33E+02
1.25E+02
1.26E+02
1.32E+02
1.54E+02
1.26E+02
1.32E+02
1.70E+02
-1.83E+02
1.49E+02
1.40E+02
1.64E+02
1.41E+02
1.63E+02
-1.49E+02
1.17E+02
1.52E+02
1.49E+02
2.65E+01
5.91E+01
1.62E+02
1.47E+02
-2.56E+01
-1.09E+02
1.52E+02
6.43E+01
8.57E+01
1.64E+02
7.41E+01
1.60E+02
1.42E+02
-7.37E+01
1.52E+02
1.24E+02
1.65E+02
1.01E+02
1.39E+02
1.54E+02
1.55E+02
1.23E+02
1.77E+02
1.29E+02
-3.31E+01
1.33E+02
1.35E+02
1.25E+02
1.45E+02
1.34E+02
1.09E+02
6.52E+01
1.37E+02
1.35E+02
1.54E+02
1.57E+02
1.43E+02
1.26E+02
1.28E+02
3.75E+01
9.89E+01
1.51E+02
1.93E+02
-2.13E+02
1.48E+02
1.25E+02
1.63E+02
9.88E+01
1.75E+02
1.49E+02
1.46E+02
9.95E+01
1.30E+02
1.23E+02
1.35E+02
1.38E+02
1.70E+02
-9.21E+01
-6.97E+01
1.47E+02
1.73E+02
1.49E+02
1.60E+02
1.35E+02
1.40E+02
1.38E+02
1.39E+02
-1.17E+02
1.70E+02
1.27E+02
-2.30E+02
1.30E+02
1.67E+02
1.60E+02
1.84E+02
1.47E+02
1.53E+02
2.21E+02
1.27E+02
-1.91E+02
8.48E+01
1.50E+02
-1.01E+02
1.17E+02
5.76E+01
7.49E+01
1.59E+02
-8.63E+01
1.54E+02
1.69E+02
9.95E+01
1.18E+02
1.43E+02
1.39E+02
1.32E+02
2.11E+02
-2.27E+02
1.36E+02
1.45E+02
1.45E+02
1.65E+02
-8.35E+01
1.06E+02
1.72E+02
-1.33E+02
1.34E+02
1.49E+02
2.75E+01
1.43E+02
-1.33E+02
1.27E+02
1.26E+02
1.37E+02
-2.01E+01
-1.82E+02
1.50E+02
-2.57E+02
1.55E+02
-2.43E+01
-1.12E+02
7.92E+01
1.56E+02
4.43E+01
1.67E+02
1.57E+02
1.78E+02
1.66E+02
8.05E+01
2.27E+02
1.66E+02
1.67E+02
1.37E+02
-1.98E+02
-1.71E+02
-3.94E+01
9.14E+01
1.21E+02
1.36E+02
1.74E+02
1.36E+02
-9.25E+01
7.55E+01
1.49E+02
1.69E+02
5.74E+01
-3.15E+01
-9.70E+01
1.27E+02
1.40E+02
-9.09E+01
9.99E+01
1.60E+02
8.42E+01
1.41E+02
1.13E+02
1.78E+02
1.47E+02
1.17E+02
-7.66E+01
8.73E+01
-6.92E+01
-6.07E+01
8.08E+01
-2.28E+02
1.23E+02
1.55E+02
1.57E+02
1.55E+02
1.47E+02
1.78E+02
1.37E+02
1.52E+02
1.48E+02
1.32E+02
-1.19E+02
1.70E+02
-3.53E+01
1.79E+02
1.32E+02
1.18E+02
1.27E+02
9.75E+01
1.60E+02
4.91E+01
-3.58E+01
1.33E+02
1.37E+02
2.12E+02
1.17E+02
1.85E+02
1.63E+02
1.87E+02
1.47E+02
1.06E+02
1.55E+02
1.41E+02
1.66E+02
1.42E+02
1.58E+02
8.53E+01
1.41E+02
1.58E+02
1.35E+02
1.09E+02
1.65E+02
1.45E+02
-2.13E+02
1.02E+02
1.27E+02
3.86E+01
1.58E+02
1.53E+02
1.49E+02
1.50E+02
1.19E+02
1.36E+02
1.35E+02
1.58E+02
1.71E+02
1.45E+02
1.65E+02
1.41E+02
9.95E+01
-2.95E+01
-1.28E+02
1.28E+02
1.00E+02
-4.34E+01
4.81E+01
1.37E+02
1.57E+02
1.35E+02
2.47E+01
1.40E+02
1.57E+02
1.48E+02
1.42E+02
1.42E+02
1.52E+02
1.48E+02
5.63E+01
-4.67E+01
-3.12E+01
-4.66E+01
1.78E+02
1.49E+02
1.28E+02
1.59E+02
1.58E+02
1.77E+02
1.65E+02
1.75E+02
8.81E+01
1.41E+02
1.27E+02
1.47E+02
1.46E+02
1.41E+02
1.68E+02
1.39E+02
1.32E+02
2.94E+02
1.40E+02
1.33E+02
1.50E+02
1.56E+02
1.63E+02
8.89E+01
1.86E+02
7.40E+01
1.68E+02
1.54E+02
1.51E+02
1.18E+02
1.69E+02
1.27E+02
1.61E+02
1.63E+02
1.33E+02
1.49E+02
1.62E+02
-3.06E+01
1.33E+02
1.24E+02
1.34E+02
3.79E+01
1.54E+02
1.04E+02
1.53E+02
1.70E+02
1.14E+02
1.25E+02
9.04E+01
5.00E+01
1.59E+02
-3.07E+01
-4.47E+01
-2.22E+01
-6.35E+01
1.33E+02
4.63E+01
1.46E+02
1.30E+02
1.43E+02
1.52E+02
1.47E+02
1.30E+02
9.34E+01
1.13E+02
1.73E+02
1.32E+02
-5.18E+01
1.18E+02
1.48E+02
1.57E+02
1.24E+02
1.05E+02
1.41E+02
-3.47E+01
1.71E+02
6.80E+01
1.29E+02
1.65E+02
1.43E+02
1.29E+02
1.33E+02
1.58E+02
1.16E+02
3.30E+01
1.08E+02
2.29E+01
1.54E+02
1.55E+02
1.23E+02
1.41E+02
1.42E+02
2.17E+01
1.49E+02
1.17E+02
1.09E+02





