7.90E+01
1.10E+01
1.10E+01
1.22E+01
1.22E+01
1.24E+01
1.24E+01
4.06E+01
1.48E+01
1.48E+01
6.55E+01
4.86E+01
3.82E+01
3.82E+01
9.69E+00
3.84E+01
9.69E+00
2.82E+01
2.82E+01
4.21E+01
1.89E+01
1.89E+01
1.00E+01
1.00E+01
2.12E+01
2.12E+01
inf
inf
inf
5.97E+01
3.68E+01
3.68E+01
4.74E+01
4.08E+00
2.13E+01
inf
2.31E+01
1.48E+01
1.01E+01
1.48E+01
1.01E+01
2.30E+01
2.59E+01
5.63E+01
1.04E+01
1.04E+01
4.25E+01
3.01E+01
7.53E+00
6.93E+00
2.02E+01
9.99E+00
6.93E+00
2.31E+01
1.18E+01
1.08E+01
1.08E+01
4.38E+01
1.71E+01
4.21E+01
1.71E+01
2.59E+01
2.59E+01
2.50E+01
2.50E+01
inf
6.56E+01
3.02E+01
3.02E+01
5.61E+01
inf
4.26E+01
2.06E+01
1.70E+01
1.38E+01
2.03E+01
2.17E+01
1.47E+01
1.38E+01
1.47E+01
3.77E+01
2.38E+01
2.65E+01
2.38E+01
2.96E+01
1.89E+01
1.89E+01
5.87E+00
5.87E+00
1.51E+01
1.51E+01
1.39E+01
1.39E+01
1.13E+01
1.71E+01
9.79E+00
1.13E+01
9.79E+00
1.07E+01
1.22E+01
1.22E+01
5.52E+01
4.60E+01
4.60E+01
5.87E+01
1.82E+01
1.82E+01
2.41E+01
9.05E+00
9.05E+00
2.16E+01
1.96E+01
1.96E+01
inf
inf
1.43E+01
2.22E+01
2.45E+01
1.43E+01
1.82E+01
1.82E+01
inf
8.19E+01
2.12E+01
1.79E+01
1.79E+01
1.02E+01
1.02E+01
6.64E+01
1.46E+01
2.64E+01
inf
6.30E+01
6.30E+01
2.54E+01
2.69E+01
2.54E+01
inf
inf
9.62E+01
9.63E+00
9.63E+00
1.82E+01
3.55E+01
inf
inf
inf
6.20E+01
6.20E+01
7.28E+01
7.28E+01
inf
inf
8.02E+01
9.99E+00
9.99E+00
5.42E+01
1.76E+01
1.76E+01
2.17E+01
2.17E+01
3.62E+01
3.62E+01
inf
5.72E+01
5.72E+01
8.26E+01
inf
inf
inf
inf
3.47E+01
2.66E+01
2.66E+01
5.38E+01
5.38E+01
inf
inf
6.47E+00
6.47E+00
4.78E+01
inf
6.51E+00
3.56E+01
6.51E+00
1.18E+01
4.99E+01
1.70E+01
3.32E+01
1.70E+01
3.98E+01
3.98E+01
6.98E+00
2.35E+01
6.98E+00
inf
inf
inf
inf
3.80E+01
4.67E+01
4.67E+01
5.68E+01
4.34E+01
4.34E+01
inf
inf
9.03E+00
4.61E+01
1.51E+01
9.03E+00
9.37E+00
2.16E+01
2.76E+01
inf
3.32E+01
3.32E+01
2.64E+01
1.84E+01
1.71E+01
1.71E+01
3.37E+01
5.34E+00
5.34E+00
8.47E+01
8.47E+01
1.41E+01
1.30E+01
1.16E+01
2.67E+01
inf
inf
1.48E+01
1.48E+01
1.02E+02
inf
inf
3.23E+01
3.23E+01
inf
1.19E+01
1.19E+01
5.09E+00
5.09E+00
4.54E+01
1.65E+01
1.65E+01
3.03E+01
3.88E+01
4.36E+00
4.36E+00
7.91E+01
2.90E+01
inf
inf
inf
inf
3.16E+01
3.16E+01
2.54E+01
1.39E+01
4.75E+00
4.75E+00
8.54E+01
4.72E+00
4.72E+00
7.72E+01
6.08E+00
9.97E+01
inf
inf
inf
inf
inf
inf
4.21E+01
4.69E+01
4.21E+01
4.76E+01
4.55E+01
8.61E+00
8.61E+00
1.21E+01
1.36E+01
1.80E+01
1.56E+01
1.53E+01
2.04E+01
1.53E+01
1.11E+01
2.12E+01
1.10E+01
1.87E+01
3.40E+01
1.10E+01
8.65E+00
8.65E+00
1.29E+01
6.45E+01
6.45E+01
5.19E+01
1.12E+01
1.12E+01
6.35E+01
2.36E+01
2.36E+01
inf
inf
8.29E+01
8.29E+01
2.66E+01
2.62E+01
1.19E+01
1.19E+01
1.20E+01
inf
4.73E+01
1.44E+01
1.44E+01
2.17E+01
6.00E+00
7.70E+01
9.71E+00
3.01E+01
1.42E+01
3.01E+01
1.42E+01
5.90E+01
1.06E+01
1.06E+01
1.68E+01
1.66E+01
3.29E+01
1.66E+01
1.68E+01
2.35E+01
2.35E+01
1.73E+01
1.73E+01
1.03E+01
1.03E+01
5.53E+01
5.53E+01
inf
3.75E+01
3.75E+01
3.31E+01
4.26E+01
3.31E+01
inf
1.45E+01
1.27E+01
inf
3.06E+01
3.04E+01
3.04E+01
7.47E+01
7.47E+01
inf
inf
2.17E+01
2.17E+01
5.98E+01
inf
inf
6.60E+01
6.60E+01
8.07E+00
8.07E+00
5.86E+01
1.71E+01
1.71E+01
inf
inf
inf
inf
inf
inf
inf
2.70E+01
2.70E+01
inf
5.73E+01
5.73E+01
8.47E+01
inf
inf
inf
3.27E+01
1.57E+01
2.78E+01
2.78E+01
inf
1.15E+01
1.15E+01
2.89E+01
2.89E+01
2.18E+01
2.75E+01
2.75E+01
3.39E+01
4.77E+01
1.80E+01
6.54E+00
6.54E+00
6.02E+01
7.43E+00
5.07E+01
5.07E+01
1.67E+01
1.67E+01
6.24E+01
inf
inf
3.18E+01
3.18E+01
1.07E+01
inf
inf
inf
inf
inf
2.20E+01
2.20E+01
inf
8.43E+01
8.43E+01
inf
6.08E+01
1.08E+01
1.08E+01
6.09E+01
8.97E+00
2.63E+01
8.97E+00
inf
2.35E+01
inf
2.10E+01
2.31E+01
1.35E+01
1.35E+01
2.84E+01
2.84E+01
inf
3.76E+01
3.76E+01
1.83E+01
1.83E+01
5.86E+01
inf
1.61E+01
1.61E+01
inf
7.56E+01
7.56E+01
6.60E+01
inf
inf
inf
1.79E+01
1.79E+01
5.36E+01
5.36E+01
inf
5.47E+01
5.47E+01
inf
inf
inf
1.27E+01
1.27E+01
1.07E+02
1.07E+02
inf
4.58E+01
2.14E+01
2.14E+01
3.97E+01
3.97E+01
inf
1.20E+01
1.20E+01
3.46E+01
4.03E+00
8.89E+00
4.03E+00
8.89E+00
inf
6.50E+01
6.50E+01
7.37E+01
7.37E+01
inf
5.01E+01
1.60E+01
1.60E+01
3.81E+01
4.00E+01
9.91E+00
9.91E+00
1.46E+01
inf
inf
6.05E+01
6.05E+01
6.87E+00
6.44E+00
6.44E+00
4.26E+01
2.33E+01
2.04E+01
2.04E+01
1.00E+01
6.23E+00
6.23E+00
6.57E+00
inf
3.30E+01
1.58E+01
5.83E+01
2.67E+01
2.67E+01
5.49E+01
inf
7.01E+01
7.01E+01
4.77E+01
1.93E+01
2.13E+01
6.63E+01
inf
3.80E+01
2.26E+01
2.26E+01
inf
3.01E+01
3.01E+01
9.88E+00
1.56E+01
9.88E+00
inf
inf
inf
inf
3.28E+01
3.28E+01
inf
2.10E+01
2.10E+01
inf
inf
inf
7.89E+01
4.32E+00
4.32E+00
3.11E+01
1.64E+01
1.84E+01
1.84E+01
2.14E+01
2.14E+01
inf
2.86E+01
3.03E+01
2.86E+01
4.50E+01
4.50E+01
3.03E+01
9.80E+01
inf
inf
inf
4.09E+01
1.85E+01
inf
inf
4.14E+01
4.14E+01
5.12E+01
7.92E+01
7.92E+01
inf
2.43E+01
2.43E+01
9.17E+00
9.17E+00
inf
3.06E+01
6.50E+01
1.69E+01
1.69E+01
1.58E+01
1.58E+01
9.07E+01
9.43E+01
9.36E+01
7.84E+01
6.04E+01
6.04E+01
inf
2.77E+01
2.77E+01
5.98E+01
5.98E+01
4.09E+01
4.09E+01
5.96E+01
5.96E+01
inf
7.22E+01
7.22E+01
inf
5.08E+01
5.08E+01
2.37E+01
2.37E+01
1.92E+01
2.10E+01
1.92E+01
6.83E+01
4.48E+01
4.48E+01
4.67E+01
4.67E+01
inf
3.09E+01
3.09E+01
inf
9.40E+00
9.40E+00
2.48E+01
inf
inf
1.71E+01
inf
5.42E+00
1.81E+01
6.59E+00
5.42E+00
2.51E+01
inf
inf
inf
inf
6.60E+01
6.60E+01
8.84E+01
2.34E+01
2.34E+01
inf
1.21E+01
1.21E+01
2.58E+01
2.24E+01
2.24E+01
4.42E+01
4.42E+01
inf
inf
inf
8.82E+01
3.05E+01
1.91E+01
1.91E+01
5.03E+00
inf
9.98E+00
9.98E+00
inf
2.93E+01
2.93E+01
inf
6.01E+00
6.01E+00
1.94E+01
inf
inf
4.15E+01
4.15E+01
inf
5.03E+01
5.03E+01
inf
inf
inf
1.11E+01
1.11E+01
inf
5.60E+01
5.60E+01
inf
inf
8.85E+01
8.85E+01
1.53E+01
1.53E+01
2.83E+01
inf
inf
inf
inf
inf
inf
inf
inf
7.46E+01
7.46E+01
2.41E+01
7.64E+01
2.41E+01
inf
inf
inf
4.04E+01
4.04E+01
1.81E+01
1.81E+01
inf
inf
4.87E+01
4.87E+01
2.21E+01
9.57E+00
9.57E+00
9.74E+01
7.45E+01
1.29E+01
1.29E+01
inf
inf
1.53E+01
1.53E+01
inf
inf
inf
1.67E+01
inf
3.03E+01
3.03E+01
5.70E+01
5.70E+01
7.21E+01
6.68E+01
2.23E+01
2.23E+01
inf
inf
inf
inf
6.10E+01
6.10E+01
inf
inf
inf
1.70E+01
1.70E+01
3.15E+01
3.15E+01
inf
inf
inf
inf
inf
3.85E+01
1.20E+01
2.09E+01
1.20E+01
inf
inf
inf
2.46E+01
2.46E+01
inf
inf





