8.03E+00
1.29E+01
1.91E+01
2.09E+01
9.63E+00
2.48E+01
1.75E+01
7.69E+00
9.11E+00
2.36E+01
7.40E+00
2.50E+01
2.72E+01
1.83E+01
1.82E+01
1.34E+01
2.47E+01
1.33E+01
8.77E+00
2.71E+01
1.55E+01
1.15E+01
2.49E+01
2.47E+01
1.76E+01
1.80E+01
2.67E+01
1.45E+01
1.90E+01
1.56E+01
1.43E+01
1.93E+01
1.14E+01
2.68E+01
5.85E+00
1.74E+01
1.44E+01
2.10E+01
1.65E+01
1.33E+01
7.23E+00
2.40E+01
1.39E+01
1.22E+01
1.95E+01
2.08E+01
2.72E+01
1.76E+01
1.46E+01
1.71E+01
1.24E+01
6.32E+00
2.40E+01
7.85E+00
5.98E+00
1.74E+01
6.73E+00
2.65E+01
1.90E+01
2.38E+01
8.81E+00
9.02E+00
2.23E+01
8.06E+00
7.62E+00
1.71E+01
7.87E+00
1.79E+01
2.06E+01
1.61E+01
2.40E+01
2.20E+01
9.84E+00
2.14E+01
1.02E+01
2.52E+01
2.36E+01
1.55E+01
1.40E+01
2.31E+01
2.54E+01
1.78E+01
1.76E+01
2.20E+01
5.70E+00
1.08E+01
1.67E+01
2.51E+01
2.73E+01
2.13E+01
2.38E+01
1.63E+01
2.17E+01
7.56E+00
8.27E+00
1.68E+01
1.82E+01
7.06E+00
1.24E+01
1.52E+01
2.50E+01
1.73E+01
2.28E+01
2.46E+01
1.25E+01
2.15E+01
9.22E+00
9.41E+00
2.71E+01
2.42E+01
1.62E+01
2.41E+01
5.86E+00
2.16E+01
6.41E+00
1.80E+01
2.11E+01
1.11E+01
9.29E+00
2.25E+01
6.00E+00
2.12E+01
1.69E+01
2.39E+01
7.98E+00
7.19E+00
1.94E+01
1.86E+01
1.98E+01
1.47E+01
1.16E+01
1.78E+01
2.62E+01
2.40E+01
2.69E+01
1.76E+01
8.31E+00
8.59E+00
1.03E+01
1.82E+01
2.74E+01
2.25E+01
2.68E+01
2.01E+01
1.83E+01
9.79E+00
5.76E+00
8.18E+00
2.18E+01
2.70E+01
2.17E+01
7.70E+00
2.16E+01
1.60E+01
7.13E+00
1.33E+01
2.49E+01
2.29E+01
8.35E+00
1.46E+01
6.58E+00
1.20E+01
1.52E+01
2.29E+01
2.39E+01
8.43E+00
2.32E+01
1.32E+01
9.67E+00
2.49E+01
2.34E+01
1.84E+01
6.17E+00
6.19E+00
2.61E+01
2.09E+01
1.22E+01
2.36E+01
1.77E+01
1.25E+01
1.68E+01
2.07E+01
2.00E+01
2.34E+01
1.69E+01
5.56E+00
1.48E+01
1.14E+01
2.57E+01
1.92E+01
6.14E+00
1.38E+01
1.53E+01
2.63E+01
8.68E+00
7.65E+00
9.17E+00
7.62E+00
1.45E+01
1.52E+01
6.23E+00
1.07E+01
1.45E+01
9.85E+00
1.45E+01
2.50E+01
1.49E+01
1.24E+01
1.87E+01
2.45E+01
1.13E+01
9.77E+00
1.71E+01
2.42E+01
1.19E+01
2.16E+01
1.33E+01
2.08E+01
1.02E+01
1.61E+01
7.79E+00
2.22E+01
2.32E+01
2.38E+01
2.57E+01
2.51E+01
1.52E+01
1.21E+01
2.47E+01
1.00E+01
2.18E+01
2.62E+01
2.04E+01
2.45E+01
2.33E+01
1.74E+01
2.10E+01
6.34E+00
2.14E+01
2.09E+01
1.47E+01
1.37E+01
2.57E+01
2.07E+01
1.96E+01
2.20E+01
8.58E+00
2.54E+01
2.25E+01
2.28E+01
2.24E+01
1.34E+01
6.38E+00
2.15E+01
2.04E+01
2.24E+01
2.30E+01
2.12E+01
2.66E+01
1.87E+01
8.18E+00
2.04E+01
1.98E+01
2.18E+01
1.97E+01
2.17E+01
2.65E+01
2.43E+01
1.25E+01
2.19E+01
1.97E+01
1.57E+01
2.12E+01
1.89E+01
6.95E+00
1.79E+01
7.13E+00
1.70E+01
2.06E+01
1.29E+01
1.17E+01
1.74E+01
2.19E+01
7.92E+00
1.63E+01
7.42E+00
1.55E+01
1.95E+01
5.63E+00
1.62E+01
1.90E+01
1.47E+01
1.36E+01
2.74E+01
2.36E+01
2.39E+01
1.55E+01
1.39E+01
5.70E+00
1.99E+01
1.30E+01
1.61E+01
1.81E+01
5.58E+00
2.30E+01
2.21E+01
2.65E+01
2.16E+01
2.18E+01
6.73E+00
2.22E+01
2.10E+01
2.20E+01
1.61E+01
1.13E+01
9.36E+00
7.96E+00
2.32E+01
1.71E+01
2.31E+01
2.01E+01
1.46E+01
2.61E+01
2.67E+01
7.35E+00
1.53E+01
1.61E+01
7.85E+00
1.73E+01
1.85E+01
1.33E+01
2.39E+01
2.56E+01
2.42E+01
2.64E+01
6.23E+00
2.64E+01
1.46E+01
1.31E+01
1.39E+01
2.36E+01
2.03E+01
2.30E+01
2.12E+01
1.91E+01
1.08E+01
1.09E+01
2.69E+01
1.14E+01
2.64E+01
1.34E+01
1.51E+01
2.50E+01
2.75E+01
2.35E+01
2.63E+01
1.46E+01
2.59E+01
2.19E+01
1.78E+01
1.60E+01
5.62E+00
1.55E+01
2.38E+01
2.41E+01
1.73E+01
2.54E+01
1.10E+01
1.67E+01
2.74E+01
1.89E+01
1.52E+01
1.98E+01
1.49E+01
2.20E+01
1.20E+01
2.38E+01
6.34E+00
2.13E+01
2.47E+01
1.72E+01
1.59E+01
2.22E+01
2.41E+01
1.64E+01
2.56E+01
1.59E+01
1.70E+01
2.30E+01
2.74E+01
2.38E+01
7.93E+00
2.26E+01
1.16E+01
1.74E+01
1.57E+01
7.04E+00
6.58E+00
6.06E+00
7.84E+00
2.71E+01
1.14E+01
8.65E+00
2.46E+01
2.41E+01
2.41E+01
1.83E+01
1.04E+01
2.30E+01
2.23E+01
8.10E+00
2.48E+01
1.51E+01
1.98E+01
1.42E+01
1.49E+01
1.01E+01
1.15E+01
1.59E+01
2.07E+01
1.55E+01
1.59E+01
1.71E+01
2.45E+01
2.21E+01
2.21E+01
2.11E+01
2.18E+01
2.23E+01
2.46E+01
2.61E+01
2.23E+01
1.82E+01
9.47E+00
2.72E+01
2.06E+01
5.96E+00
1.90E+01
1.76E+01
1.73E+01
2.40E+01
1.68E+01
1.34E+01
2.64E+01
2.49E+01
6.75E+00
2.44E+01
2.12E+01
2.70E+01
1.43E+01
1.44E+01
2.16E+01
2.22E+01
1.14E+01
2.08E+01
9.58E+00
1.99E+01
1.84E+01
8.11E+00
1.98E+01
7.88E+00
1.89E+01
9.67E+00
2.67E+01
2.34E+01
2.13E+01
7.20E+00
1.74E+01
1.15E+01
6.26E+00
2.18E+01
9.12E+00
2.47E+01
1.69E+01
2.45E+01
1.03E+01
1.38E+01
2.06E+01
2.04E+01
2.61E+01
1.40E+01
1.51E+01
2.64E+01
2.49E+01
7.34E+00
1.59E+01
8.53E+00
2.13E+01
2.48E+01
1.30E+01
2.00E+01
7.32E+00
2.47E+01
8.16E+00
1.26E+01
1.71E+01
1.30E+01
1.87E+01
1.12E+01
1.45E+01
6.95E+00
1.41E+01
1.98E+01
2.08E+01
2.48E+01
2.08E+01
1.88E+01
1.69E+01
2.25E+01
8.62E+00
1.48E+01
1.23E+01
2.25E+01
1.06E+01
2.00E+01
2.56E+01
1.90E+01
2.57E+01
1.82E+01
6.55E+00
2.51E+01
2.29E+01
2.52E+01
2.51E+01
7.74E+00
2.19E+01
5.69E+00
2.30E+01
7.94E+00
2.24E+01
2.51E+01
2.49E+01
2.38E+01
5.95E+00
1.74E+01
2.33E+01
7.78E+00
1.72E+01
1.41E+01
2.34E+01
1.34E+01
1.91E+01
2.21E+01
2.01E+01
2.02E+01
2.12E+01
2.69E+01
1.75E+01
6.77E+00
2.01E+01
2.60E+01
2.52E+01
8.06E+00
8.10E+00
2.59E+01
2.41E+01
1.18E+01
2.03E+01
1.21E+01
7.62E+00
2.17E+01
1.69E+01
2.25E+01
5.78E+00
2.41E+01
2.17E+01
2.51E+01
6.53E+00
1.11E+01
8.09E+00
2.63E+01
1.20E+01
2.64E+01
1.19E+01
1.80E+01
2.51E+01
1.75E+01
2.02E+01
2.48E+01
1.86E+01
1.69E+01
2.46E+01
2.23E+01
1.40E+01
2.29E+01
1.52E+01
2.21E+01
1.74E+01
2.36E+01
5.69E+00
2.40E+01
9.58E+00
6.87E+00
2.26E+01
2.25E+01
2.25E+01
2.30E+01
2.66E+01
2.24E+01
2.74E+01
2.33E+01
2.03E+01
2.69E+01
2.34E+01
2.56E+01
1.11E+01
2.73E+01
2.16E+01
6.46E+00
2.35E+01
2.63E+01
1.65E+01
1.11E+01
1.67E+01
1.66E+01
1.11E+01
2.44E+01
2.22E+01
7.02E+00
8.80E+00
1.31E+01
2.67E+01
2.66E+01
1.03E+01
2.72E+01
8.22E+00
9.85E+00
1.96E+01
1.56E+01
9.65E+00
1.50E+01
2.52E+01
1.04E+01
1.38E+01
1.60E+01
9.44E+00
1.63E+01
1.87E+01
2.40E+01
1.82E+01
2.41E+01
2.72E+01
2.50E+01
1.63E+01
1.69E+01
1.67E+01
2.68E+01
7.04E+00
1.05E+01
1.70E+01
2.42E+01
1.75E+01
9.66E+00
1.73E+01
7.35E+00
9.43E+00
9.33E+00
2.36E+01
2.35E+01
2.41E+01
2.64E+01
2.44E+01
1.71E+01
2.42E+01
6.29E+00
1.52E+01
2.45E+01
2.19E+01
1.38E+01
2.54E+01
1.97E+01
2.37E+01
1.94E+01
1.07E+01
9.85E+00
5.72E+00
8.94E+00
6.56E+00
2.72E+01
8.83E+00
1.82E+01
6.23E+00
2.20E+01
2.56E+01
1.99E+01
2.21E+01
1.66E+01
9.89E+00
1.94E+01
2.04E+01
2.48E+01
2.62E+01
2.64E+01
6.06E+00
1.30E+01
2.55E+01
1.61E+01
6.43E+00
1.16E+01
7.04E+00
1.77E+01
7.83E+00
1.92E+01
2.39E+01
2.10E+01
6.03E+00
1.28E+01
1.13E+01
7.78E+00
2.21E+01
1.89E+01
9.75E+00
1.93E+01
1.95E+01
1.87E+01
1.64E+01
8.62E+00
1.91E+01
2.37E+01
1.93E+01
2.69E+01
2.17E+01
1.15E+01
2.62E+01
1.69E+01
1.48E+01
2.12E+01
1.50E+01
1.94E+01
1.31E+01
1.67E+01
7.15E+00
1.27E+01
2.27E+01
7.37E+00
1.58E+01
5.69E+00
7.90E+00
1.40E+01
2.48E+01
9.90E+00
7.40E+00
2.33E+01
1.98E+01
2.21E+01
1.24E+01
2.26E+01
8.05E+00
1.99E+01
1.95E+01
2.07E+01
7.02E+00
1.57E+01
2.28E+01
1.46E+01
1.73E+01
1.29E+01
2.47E+01
2.37E+01
1.85E+01
1.33E+01
1.10E+01
1.35E+01
1.93E+01
2.53E+01
1.43E+01
1.90E+01
8.36E+00
1.05E+01
1.49E+01
6.75E+00
2.23E+01
2.16E+01
7.18E+00
7.22E+00